This is the final result when only first two rules applied.
+------+------+------++------+------+------++------+------+------+
|  5   |  8   | 1 2  ||  6   | 1 7  |  3   ||  9   |  4   | 2 7  |
|      |      |      ||      |      |      ||      |      |      |
+------+------+------++------+------+------++------+------+------+
|  9   |  3   |  7   ||  5   |  4   |  2   ||  8   |  1   |  6   |
|      |      |      ||      |      |      ||      |      |      |
+------+------+------++------+------+------++------+------+------+
|  6   | 1 4  | 1 2 4||  8   | 1 7  |  9   ||  3   | 2 5 7| 2 5 7| 
|      |      |      ||      |      |      ||      |      |      |
+======+======+======++======+======+======++======+======+======+
|  3   | 4 7  | 4 6  || 1 2 7|  8   | 1 4 6||  5   | 2 6 7|  9   |
|      |      |      ||      |      |      ||      |      |      |
+------+------+------++------+------+------++------+------+------+
|  1   | 4 5  | 4 5 6|| 2 7 9|  3   | 4 5 6|| 4 6 7| 2 6 7|  8   |
|      | 7 9  |      ||      |      |      ||      |      |      |
+------+------+------++------+------+------++------+------+------+
|  2   | 4 5  |  8   || 7 9  | 5 7 9| 4 5 6|| 4 6 7|  3   |  1   |
|      | 7 9  |      ||      |      |      ||      |      |      |
+======+======+======++======+======+======++======+======+======+
| 4 7  | 1 4  |  9   ||  3   |  2   |  8   || 1 4  |5 6 7 | 4 5 7| 
|      | 5 7  |      ||      |      |      || 6 7  |      |      |
+------+------+------++------+------+------++------+------+------+
| 7 8  |  6   | 1 3 5||  4   | 1 5 9| 1 5  ||  2   | 5 7  | 3 5 7| 
|      |      |      ||      |      |      ||      | 8 9  |      |
+------+------+------++------+------+------++------+------+------+
| 4 8  |  2   | 1 3  || 1 9  |  6   |  7   || 1 4  | 5 8 9| 3 4 5| 
|      |      | 4 5  ||      |      |      ||      |      |      |
+------+------+------++------+------+------++------+------+------+
